-3847948034
-6055817750
-4297764290
-17808902658
1930500405
-8493874734
-10254966538
-4289704741
14551036189
-9827024522
9895167942
7843380110
1899261256
-15601486476
3973227599
5763855881
3825558394
9569347226
7031786513
-3757965098
4792360276
-6767313854
-1822357550
-2737949475
4520332427
13664656485
-8198433700
-9712233111
-412803986
8226208234
1436279898
2648856458
11655448456
5472575215
9075112352
4052554207
10782991210
-6775746747
3610888951
-17393803010
6051119011
-7344893831
16052850042
-5571378262
-6076097173
-8180353645
-6388713438
-11236494052
-1999637623
-13477208402
-2937195326
-2375787111
2638665770
-6248533200
-3124488007
766108202
150234301
1356913462
-11572274742
-698893623
-17890673975
5706377610
4536708339
3786168746
-14972942756
5295893188
-5439985470
2924721174
8312311857
2290561354
9964333517
708659801
1819279193
1948787260
1858593763
-32088903545
-6047051872
19486736528
-9818833203
-30205279815
-697995120
-6787172058
-22761408513
-10950966818
-10874289634
-5050037256
8935951408
5258422037
1995735333
-3875868505
-6272418257
11604765034
-20599717153
1893144379
-9603241855
